id	26	29	31	33	35	43	ano	mu	ln	mu20	mu40	mu60	mu80
1	189,4876973	198,2126213	137,984197	304,5343753	154,4471725	159,9932223	1995	190,7765	5,251102586	2,944438979	3,63758616	4,060443011	4,343805422
2	100,3492042	300,1800734	127,2879608	291,1267138	121,6373836	78,91247439	1995	169,9156	5,135301843	2,708050201	3,401197382	3,80666249	4,094344562
3	144,0371344	321,0753724	70,0992197	313,9042286	65,33382666	185,9071347	1995	183,3928	5,211630301	2,890371758	3,583518938	4,007333185	4,290459441
4	93,94955911	394,3498101	84,68626895	296,4437349	51,31366362	155,8615303	1995	179,434	5,189807452	2,833213344	3,555348061	3,970291914	4,262679877
5	169,2164468	320,3009867	25,35976983	401,1705523	48,68318435	70,42935135	1995	172,5267	5,150552007	2,708050201	3,433987204	3,828641396	4,127134385
6	169,6666525	297,7129683	74,77355839	385,4092829	96,24321392	126,9023834	1995	191,7846	5,256372867	2,944438979	3,663561646	4,060443011	4,356708827
7	151,9863334	288,5209183	96,35589969	386,6473406	101,4446688	100,7771253	1995	187,622	5,2344293	2,944438979	3,63758616	4,043051268	4,33073334
8	124,4221047	246,7886851	147,8169245	391,3494749	93,7185713	112,4052386	1995	186,0834	5,22619496	2,890371758	3,610917913	4,025351691	4,317488114
9	161,0105088	264,9275941	137,3512927	277,1692894	69,70761724	120,4671786	1995	171,7722	5,14616918	2,708050201	3,401197382	3,828641396	4,110873864
10	147,1949795	279,5742706	92,98271157	158,7700858	71,79497293	131,1644308	1995	146,9135	4,989843978	2,48490665	3,17805383	3,610917913	3,891820298
11	103,1834332	321,6797365	72,86487917	104,0696121	61,49387807	185,6357066	1995	141,4878	4,952213494	2,397895273	3,091042453	3,526360525	3,80666249
12	71,92709476	212,7314969	115,2597763	119,7558081	44,61521019	148,0716906	1995	118,7268	4,776825055	1,386294361	2,079441542	2,48490665	2,772588722
13	75,65514651	133,4607794	115,1612368	124,839197	34,43549857	133,9320762	1996	102,9139	4,633892716	0,693147181	1,609437912	2,079441542	2,397895273
14	107,7798259	111,3554392	64,64851739	235,1739911	57,78038345	124,5887685	1996	116,8878	4,7612145	1,098612289	1,945910149	2,397895273	2,708050201
15	178,2647083	125,6786391	125,7542462	165,5672524	33,47731433	136,476239	1996	127,5363	4,84840103	2,079441542	2,772588722	3,218875825	3,496507561
16	184,7623347	89,85786177	67,63536979	226,9842388	30,56522215	137,5430331	1996	122,8913	4,811300225	1,791759469	2,564949357	2,944438979	3,258096538
17	105,7384739	118,1032435	74,46322868	229,4577751	62,94607357	147,0755921	1996	122,964	4,81189163	1,791759469	2,564949357	2,995732274	3,258096538
18	133,5538378	153,2334805	85,97590067	214,8014836	56,16163517	109,2173596	1996	125,4906	4,832230855	2,079441542	2,772588722	3,17805383	3,496507561
19	124,5187154	177,7378727	61,72606357	274,2840225	57,64278243	129,2372867	1996	137,5244	4,923801356	2,302585093	3,044522438	3,433987204	3,737669618
20	161,322673	185,8005525	71,35184781	317,5813386	48,41442787	118,6190452	1996	150,5149	5,014062083	2,564949357	3,258096538	3,663561646	3,951243719
21	144,4122073	181,0730277	61,19719698	262,0856958	41,1494675	181,5244047	1996	145,2403	4,978389612	2,48490665	3,17805383	3,583518938	3,891820298
22	167,3994651	141,7434723	88,42898104	294,6902876	29,25840372	165,311896	1996	147,8054	4,995896544	2,48490665	3,218875825	3,63758616	3,912023005
23	136,0247168	252,0949234	92,59432233	265,997431	67,62472829	142,0041798	1996	159,39	5,071354029	2,564949357	3,295836866	3,713572067	4,007333185
24	141,9618253	132,8544684	78,55782501	264,2414242	64,05736083	127,0974841	1996	134,795	4,903755106	2,197224577	2,944438979	3,36729583	3,663561646
25	97,03844769	113,7853867	55,47576899	161,2521979	39,25347556	107,1457189	1997	95,6584	4,560783512	2,280391756	0,693147181	1,098612289	1,386294361
26	174,7924299	129,2572142	97,23962133	204,2285592	25,39386984	116,3137184	1997	124,5375	4,824606875	1,945910149	2,708050201	3,135494216	3,433987204
27	98,2215406	191,1892197	129,5949641	180,5013027	39,00235852	117,5957072	1997	126,0175	4,836420786	2,079441542	2,772588722	3,218875825	3,496507561
28	167,5876731	138,3156996	80,3864686	308,0295765	77,01657244	80,40868078	1997	141,9574	4,955527013	2,397895273	3,091042453	3,526360525	3,80666249
29	153,7054702	106,5057689	86,14353347	247,2265251	40,11032284	163,3878168	1997	132,8465	4,889194326	2,197224577	2,890371758	3,33220451	3,610917913
30	99,19701618	147,2594743	36,35515236	339,1011876	52,27416988	148,1241976	1997	137,0518	4,920358957	2,302585093	2,995732274	3,433987204	3,713572067
31	95,02497388	176,5244217	32,63400211	266,2634143	65,18824316	149,038484	1997	130,7789	4,873508111	2,079441542	2,833213344	3,258096538	3,526360525
32	120,9459799	123,127755	24,33148051	252,130664	30,43022052	56,78522247	1997	101,2918	4,61800546	0,693147181	1,386294361	1,945910149	2,197224577
33	137,9613825	89,17222944	51,37711231	273,8479954	49,38417829	107,8514202	1997	118,2657	4,772933788	1,386294361	2,079441542	2,48490665	2,772588722
34	172,1561519	111,1829363	39,36078787	240,4586607	47,09078146	67,96331642	1997	113,0354	4,727701044	1,098612289	1,945910149	2,302585093	2,63905733
35	167,891296	83,46978629	32,14129971	187,7743608	38,29617471	59,02546742	1997	94,7663	4,551413861	0,895879735	1,666102255	0,693147181	1,098612289
36	179,697964	70,00157164	54,86145898	205,6566581	25,19935914	70,34176048	1997	100,9597	4,614721427	0,693147181	1,386294361	1,945910149	2,197224577
37	155,1072517	100,2334054	51,36162792	222,6242913	82,41842415	55,26581892	1998	111,1684	4,711046169	1,098612289	1,791759469	2,302585093	2,564949357
38	108,6774683	40,8018426	33,12681445	178,493345	62,58041304	53,89447317	1998	79,5957	4,376960071	0,895879735	1,700598691	2,124247621	2,433767225
39	96,16364933	33,83332532	41,21756291	165,5014039	38,24540926	136,3604087	1998	85,2202	4,445238495	0,794513458	1,39960549	2,035078885	2,368176159
40	65,77894777	30,60819179	92,75211721	225,0124228	44,73618696	152,9043379	1998	101,9653	4,624632559	0,693147181	1,609437912	1,945910149	2,302585093
41	50,19225572	93,70146979	42,09381795	276,9181396	41,91243864	83,11802063	1998	97,9893	4,584858289	0,743830319	1,098612289	1,386294361	1,791759469
42	32,11855953	75,8133935	66,44868169	272,763477	42,43361148	69,05817394	1998	93,1059	4,533737555	0,794513458	1,134513458	0,693147181	1,098612289
43	80,77711579	56,69247904	33,60368638	275,6771157	43,38384429	104,5325759	1998	99,1111	4,596241443	0,895879735	1,235879735	1,609437912	1,945910149
44	93,10213413	66,52186914	91,522837	213,6951249	16,7477798	72,12082564	1998	92,285	4,524881615	0,997246012	1,337246012	0,693147181	0,693147181
45	178,8485879	77,77662922	78,5229339	220,2459324	62,86725787	41,69760207	1998	109,9931	4,700417637	1,098612289	1,791759469	2,197224577	2,48490665
46	136,5951772	66,97626554	68,70534975	218,9202509	31,62589119	70,04251185	1998	98,8109	4,593207923	1,522261219	1,098612289	1,609437912	1,945910149
47	215,7168763	37,95590172	73,02331393	229,8315069	103,6661511	84,49865817	1998	124,1154	4,821211778	1,945910149	2,708050201	3,091042453	3,401197382
48	121,2463597	23,10839029	55,949382	235,5680765	56,98215591	99,52543888	1998	98,7299	4,592387839	0,972955075	1,098612289	1,609437912	1,945910149
49	125,5239672	66,88875558	47,02068733	197,5246245	11,5820321	105,2045681	1999	92,2907	4,524943378	1,522261219	1,589026915	0,693147181	1,098612289
50	146,6940193	63,35996836	70,78779922	258,6158545	57,14394766	113,3299189	1999	118,3219	4,773408876	1,386294361	2,079441542	2,48490665	2,772588722
51	109,7777361	74,82329541	49,2042338	288,666228	70,93464503	110,3725271	1999	117,2964	4,764704065	1,098612289	1,945910149	2,397895273	2,708050201
52	121,8724231	93,79577859	66,28378342	245,9948719	62,54863606	93,3670775	1999	113,977	4,735996674	1,098612289	1,945910149	2,397895273	2,63905733
53	190,2322052	106,5880449	49,42396145	244,9997598	44,73823564	86,59026242	1999	120,4287	4,791057877	1,386294361	2,197224577	2,63905733	2,944438979
54	142,5495228	51,23204906	65,86911498	229,8877326	41,70727716	71,21037157	1999	100,4093	4,609254832	0,693147181	1,386294361	1,791759469	2,197224577
55	104,6644923	96,11598368	20,95467123	228,9525074	56,07041185	69,62099228	1999	96,0631	4,565005267	0,34657359	0,693147181	1,098612289	1,386294361
56	45,69652629	145,6364224	63,14112188	169,0529956	33,90904816	65,54030321	1999	87,1627	4,467776487	1,522261219	0,895879735	1,354025101	0,693147181
57	84,11962395	152,2790772	62,62270921	163,0894578	22,16236514	105,2973255	1999	98,2617	4,587634328	1,522261219	1,098612289	1,609437912	1,791759469
58	87,60453128	105,0957356	64,85921191	235,2724939	78,8253489	92,20644033	1999	110,6439	4,706316936	1,098612289	1,791759469	2,197224577	2,564949357
59	62,0342436	95,60256344	68,49630731	281,8563107	58,70017607	138,2148642	1999	117,484	4,766302154	1,098612289	1,945910149	2,397895273	2,708050201
60	56,49285314	72,6825252	24,30440529	263,7330728	60,71310187	103,4703815	1999	96,8993	4,573672295	1,098612289	1,098612289	1,386294361	1,791759469
61	63,50159923	91,5811724	25,17794225	235,014596	31,41288588	183,4648231	2000	105,0255	4,654203178	1,098612289	1,791759469	2,197224577	2,48490665
62	114,6589947	121,5905286	59,55230367	249,1848902	41,29191579	82,72811383	2000	111,5011	4,714034456	1,098612289	1,791759469	2,302585093	2,564949357
63	164,3390108	134,8585707	55,82452909	251,0279531	32,05301352	82,77335955	2000	120,146	4,78870767	1,386294361	2,197224577	2,564949357	2,890371758
64	141,6707849	75,79822638	39,91978963	200,3584245	37,00057973	121,5114455	2000	102,7098	4,631907536	0,693147181	1,609437912	1,945910149	2,302585093
65	103,636753	93,92445914	28,41670153	174,3757159	23,69171931	155,6986967	2000	96,624	4,570827158	0,640827158	0,693147181	1,098612289	1,386294361
66	49,05204555	109,7634223	44,85802724	176,3689754	46,77992997	89,80796219	2000	86,105	4,455567482	0,525567482	0,475567482	1,242453325	1,497866137
67	64,72597942	82,13552425	24,45274811	260,9414585	36,56266891	110,9930699	2000	96,6352	4,570943064	0,640943064	0,693147181	1,386294361	1,609437912
68	140,2644715	103,3545854	58,16496565	201,9074019	29,2088947	89,32337937	2000	103,7039	4,641539723	0,711539723	1,609437912	2,079441542	2,397895273
69	87,26790109	63,00504928	55,79148991	268,4210709	46,08736576	78,39213365	2000	99,8275	4,603443696	0,673443696	1,386294361	1,791759469	2,079441542
70	109,5849776	55,13461199	60,65206058	283,0209323	24,17341096	67,89588779	2000	100,0769	4,60593889	0,67593889	1,386294361	1,791759469	2,079441542
71	159,9595991	63,73986992	50,65292017	157,9939657	17,62744529	45,82881364	2000	82,6337	4,414417588	0,484417588	1,194417588	1,594417588	1,874417588
72	106,1879162	41,9581134	41,8639406	212,3480328	26,16776843	53,99640071	2000	80,4203	4,387266632	0,457266632	1,167266632	1,567266632	1,847266632
73							2001						
74							2001						
75							2001						
76							2001						
77							2001						
78							2001						
79							2001						
80							2001						
81							2001						
82							2001						
83							2001						
84							2001						
85							2002						
86							2002						
87	95,2092949	91,60950379	108,6320278	146,3351741	162,6808466	134,3381232	2002	123,1341618	4,813274507	1,791759469	2,564949357	2,995732274	3,295836866
88	93,31277157	99,74512711	114,4315796	149,2941986	166,9591228	149,7573861	2002	128,9166976	4,859166441	2,079441542	2,833213344	3,218875825	3,526360525
89	92,65214014	105,0114758	111,9793583	155,0924878	165,4641771	148,7163584	2002	129,8193329	4,866143737	2,079441542	2,833213344	3,218875825	3,526360525
90	99,41661986	109,6761361	116,413783	149,9985051	166,4063424	146,4060551	2002	131,3862403	4,878141384	2,079441542	2,833213344	3,258096538	3,555348061
91	104,4370718	116,8061149	112,2160932	159,3274136	175,6181565	150,0888963	2002	136,4156244	4,915706287	2,302585093	2,995732274	3,401197382	3,713572067
92	102,2634239	115,6061278	113,4927524	166,7658398	171,879656	146,7478048	2002	136,1259341	4,913580443	2,302585093	2,995732274	3,401197382	3,688879454
93	96,36006591	115,3294719	120,0453219	158,848076	170,9112464	147,4863174	2002	134,8300833	4,904015343	2,302585093	2,995732274	3,401197382	3,688879454
94	95,42778747	112,7621361	123,3737522	162,8726823	172,1442598	146,3983175	2002	135,4964893	4,90894573	2,302585093	2,995732274	3,401197382	3,688879454
95	92,61843408	113,8310481	115,1859052	160,6025448	166,7000703	144,5085628	2002	132,2410942	4,884626728	2,197224577	2,890371758	3,295836866	3,583518938
96	96,91790932	114,2611409	112,4994472	154,1934107	178,8299586	140,0433511	2002	132,7908696	4,888775482	2,197224577	2,890371758	3,33220451	3,610917913
97	107,1989338	144,6813189	137,4019425	152,0254054	203,0217001	140,8785391	2003	147,5346399	4,994062995	2,48490665	3,218875825	3,610917913	3,912023005
98	90,35479382	119,0938576	108,5545193	132,2787999	164,1368164	132,888946	2003	124,5512888	4,82471759	2,079441542	2,772588722	3,17805383	3,465735903
99	89,84069653	111,2146994	111,5171433	133,4324804	162,6424645	136,7741785	2003	124,2369438	4,822190579	1,945910149	2,708050201	3,135494216	3,401197382
100	88,43894337	109,9415449	108,5357848	133,2319321	165,1640139	132,0479189	2003	122,8933563	4,811316957	1,791759469	2,564949357	2,944438979	3,258096538
101	91,65362781	102,9625995	109,2410088	140,940355	155,6373714	133,6034058	2003	122,339728	4,806801831	1,791759469	2,48490665	2,890371758	3,218875825
102	98,17899434	106,1443321	111,3654014	138,5208742	156,9270964	129,3568137	2003	123,4155854	4,815557403	1,945910149	2,63905733	3,044522438	3,36729583
103	94,10776834	107,2126748	104,5441252	135,8339334	157,1878779	124,2474149	2003	120,5222991	4,79183479	1,386294361	2,197224577	2,63905733	2,944438979
104	89,31390101	114,8059831	104,5677873	138,9897014	159,1923753	135,2880977	2003	123,6929743	4,817802482	1,945910149	2,63905733	3,091042453	3,36729583
105	88,98024563	112,5856962	107,9340998	138,4067704	153,287396	134,1691402	2003	122,560558	4,808605259	1,791759469	2,48490665	2,944438979	3,218875825
106	84,11970053	110,5409622	108,615937	139,148179	152,7216249	136,7728273	2003	121,9865385	4,803910698	1,609437912	2,397895273	2,833213344	3,135494216
107	82,53783236	109,6528753	107,0254103	137,6629793	155,7852141	137,1484756	2003	121,6354645	4,801028576	1,609437912	2,397895273	2,833213344	3,091042453
108	82,23819621	112,1196659	104,4067343	142,0467333	158,7093198	138,3776198	2003	122,9830449	4,812046499	1,791759469	2,564949357	2,995732274	3,295836866
109	91,79616839	125,3069223	124,8051478	171,1406953	184,829103	155,3412301	2004	142,2032112	4,957257099	2,397895273	3,135494216	3,526360525	3,828641396
110	79,65896767	108,8373526	106,9497557	138,8425089	161,8708273	131,8359319	2004	121,3325573	4,798535183	1,609437912	2,397895273	2,772588722	3,091042453
111	79,07150667	111,4025059	110,990801	140,2241318	160,2313273	138,0971175	2004	123,3362317	4,814914217	1,945910149	2,63905733	3,044522438	3,33220451
112	80,17843461	109,9914491	110,6629223	139,1768996	157,2380551	137,8627208	2004	122,5184136	4,808261334	1,791759469	2,48490665	2,944438979	3,218875825
113	75,69653705	103,4124068	108,9023353	134,4165489	157,450739	138,5057955	2004	119,7307271	4,785245281	1,386294361	2,079441542	2,48490665	2,833213344
114	83,73576761	99,20833501	109,8643683	135,6386469	157,1039952	144,2508956	2004	121,6336681	4,801013807	1,609437912	2,397895273	2,772588722	3,091042453
115	87,41918389	103,0008788	110,0953662	138,181688	158,9444644	138,9672122	2004	122,7681323	4,810297473	1,791759469	2,564949357	2,944438979	3,258096538
116	85,76062434	99,97146255	114,5740679	134,3490122	157,9696495	137,5264049	2004	121,6918702	4,801492196	1,609437912	2,397895273	2,833213344	3,135494216
117	87,79194874	100,7709755	118,7395773	136,2176774	160,2494784	136,1178601	2004	123,3145862	4,814738702	1,945910149	2,63905733	3,044522438	3,33220451
118	82,14957026	99,19525002	112,3317547	134,521903	158,6140934	131,6112318	2004	119,7373005	4,785300181	1,386294361	2,079441542	2,564949357	2,833213344
119	81,08570712	96,82255899	114,2439841	135,7564287	157,7237656	136,209523	2004	120,3069946	4,790046764	1,386294361	2,197224577	2,63905733	2,890371758
120	78,24478027	97,66743966	107,8736413	137,0532695	170,1923806	133,5550734	2004	120,7644308	4,793841795	1,609437912	2,302585093	2,708050201	2,995732274
121	87,5007685	111,7483859	135,8291869	165,8931016	189,6170971	154,6678471	2005	140,8760645	4,947880529	2,397895273	3,091042453	3,496507561	3,784189634
122	77,46767407	98,70601096	112,3059794	138,7537407	157,14637	135,9011838	2005	120,0468265	4,787881887	1,386294361	2,079441542	2,564949357	2,833213344
123	77,3746712	98,39105985	118,2702273	137,748564	160,2335886	135,8908238	2005	121,3181558	4,798416482	1,609437912	2,302585093	2,772588722	3,044522438
124	83,28738904	96,43498444	117,9509469	137,3712386	155,2331778	135,5139979	2005	120,9652891	4,795503638	1,609437912	2,302585093	2,708050201	2,995732274
125	81,18654536	95,27953438	117,8286972	134,5504344	153,6050322	141,8167386	2005	120,7111637	4,793400615	1,386294361	2,197224577	2,63905733	2,944438979
126	84,39215578	97,5673302	118,0661781	134,5970392	159,1950796	138,567544	2005	122,0642211	4,804547309	1,609437912	2,397895273	2,833213344	3,135494216
127	86,87771481	99,12513737	119,5659491	134,9297742	161,9924173	139,6861637	2005	123,6961927	4,817828501	1,945910149	2,63905733	3,091042453	3,36729583
128	86,27621195	103,192625	119,8704711	138,6651198	160,859286	141,2008092	2005	125,0107538	4,828399764	2,079441542	2,772588722	3,17805383	3,465735903
129	89,9627934	100,5283846	119,4156101	139,9402727	158,6079556	138,1452011	2005	124,4333696	4,823770389	1,945910149	2,708050201	3,135494216	3,433987204
130	87,09505898	102,5186269	115,68282	142,0451371	151,6493215	140,3828107	2005	123,2289625	4,814044109	1,791759469	2,564949357	2,995732274	3,295836866
131	82,34888924	105,1813338	115,1176727	140,1585101	155,3016929	135,4274626	2005	122,2559269	4,806116609	1,791759469	2,48490665	2,890371758	3,17805383
132	88,89345798	109,3035077	119,1748259	151,9970838	180,4026454	143,9116027	2005	132,2805206	4,884924824	2,197224577	2,890371758	3,295836866	3,583518938
133							2006						
134							2006						
135							2006						
136							2006						
137							2006						
138							2006						
139							2006						
140							2006						
141							2006						
142							2006						
143							2006						
144							2006						
145	127,8745712	129,8442457	160,8323473	178,2783526	204,9360282	176,6574028	2007	163,0704913	5,094182569	2,63905733	3,33220451	3,761200116	4,043051268
146	90,26158566	111,2176721	126,0162861	146,3856109	170,9828343	142,5573524	2007	131,2368903	4,877004013	2,079441542	2,833213344	3,258096538	3,555348061
147	88,7566258	105,3108135	122,5450879	153,200964	172,8053681	143,4054871	2007	131,0040577	4,875228298	2,079441542	2,833213344	3,258096538	3,555348061
148	91,23436589	106,6805964	123,2989788	152,4540399	166,1965003	146,3970215	2007	131,0435838	4,875529969	2,079441542	2,833213344	3,258096538	3,555348061
149	92,06667864	107,7819469	127,2707908	152,680278	170,1822261	145,3474996	2007	132,5549034	4,886996925	2,197224577	2,890371758	3,295836866	3,610917913
150	92,42717372	110,3697171	128,21272	154,8944144	167,7895083	147,1335182	2007	133,4711753	4,893885539	2,197224577	2,944438979	3,33220451	3,63758616
151	92,67305744	112,9918331	128,1988703	155,2298758	165,0320607	152,315662	2007	134,4068932	4,900871716	2,197224577	2,944438979	3,36729583	3,663561646
152	93,47981619	114,1079438	132,4108317	147,8430896	164,8622177	153,3103413	2007	134,3357067	4,900341941	2,197224577	2,944438979	3,36729583	3,63758616
153	92,45489864	114,7962169	130,048529	149,9329275	163,4468492	155,5382325	2007	134,369609	4,900594279	2,197224577	2,944438979	3,36729583	3,663561646
154	93,42352578	109,4220072	133,2738706	148,3269758	164,6458311	154,8776995	2007	133,994985	4,897802374	2,197224577	2,944438979	3,33220451	3,63758616
155	93,14228477	119,7146872	137,3545613	151,3322556	169,431433	153,9632812	2007	137,4897505	4,923549373	2,302585093	3,044522438	3,433987204	3,737669618
156	97,21303689	121,8021371	137,093634	154,6065079	185,5411306	157,5415297	2007	142,2996627	4,957935135	2,397895273	3,135494216	3,555348061	3,828641396
157	128,0865029	160,2308208	175,6763306	182,2814819	217,6415154	190,600613	2008	175,7528774	5,169078903	2,772588722	3,465735903	3,871201011	4,158883083
158	91,43512542	120,6600017	132,1106474	151,1191993	177,4385756	158,8508075	2008	138,6023928	4,931609351	2,302585093	3,044522438	3,465735903	3,737669618
159	91,31461472	116,6745808	138,4203992	151,6157956	178,0727444	159,9956128	2008	139,3489579	4,936981276	2,302585093	3,044522438	3,465735903	3,761200116
160	97,0732863	115,4665607	135,3994488	165,9725726	176,7966148	156,3006405	2008	141,1681873	4,949951997	2,397895273	3,091042453	3,496507561	3,784189634
161	93,41019277	118,462694	136,2873919	161,1633834	175,7446207	152,1520194	2008	139,536717	4,938327771	2,302585093	3,044522438	3,465735903	3,761200116
162	88,81733999	117,3086097	132,5319806	160,8794117	172,0427438	151,5939143	2008	137,1956667	4,921408131	2,302585093	2,995732274	3,433987204	3,713572067
163	92,60359965	119,1491022	136,0676667	164,478086	168,1709452	151,6872636	2008	138,6927772	4,932261251	2,302585093	3,044522438	3,465735903	3,761200116
164	95,77988651	113,292218	138,6943914	168,2104137	174,6203963	154,2861941	2008	140,8139167	4,947439279	2,397895273	3,091042453	3,496507561	3,784189634
165	97,78203466	120,8480387	141,2090456	166,198154	172,5741377	157,526787	2008	142,6896996	4,96067234	2,397895273	3,135494216	3,555348061	3,850147602
166	99,47513939	121,0962182	138,6370071	162,9056819	172,1859722	157,545625	2008	141,974274	4,955645872	2,397895273	3,135494216	3,526360525	3,828641396
167	97,86952277	124,9708541	137,3011527	163,371282	169,5744444	155,6002549	2008	141,4479185	4,951931582	2,397895273	3,091042453	3,496507561	3,80666249
168	102,4376192	134,2708935	145,7005432	168,5293784	181,7729354	165,3924305	2008	149,6839667	5,008526183	2,564949357	3,258096538	3,663561646	3,951243719
169	145,8166232	154,0148509	181,2545399	198,6538098	224,9278463	198,2997113	2009	183,8278969	5,213999977	2,890371758	3,610917913	4,007333185	4,304065093
170	96,12385938	126,8453505	140,7279091	159,3706958	178,5884483	160,5659013	2009	143,7036941	4,9677535	2,397895273	3,135494216	3,555348061	3,850147602
171	92,922509	129,4213133	136,2434061	162,6143764	182,3265424	164,7099369	2009	144,7063474	4,974706498	2,48490665	3,17805383	3,583518938	3,871201011
172	95,48118966	122,1277539	135,3980899	162,6188257	183,7782653	167,1223274	2009	144,4210753	4,972733167	2,48490665	3,17805383	3,583518938	3,871201011
173	94,20136407	123,8914873	142,1772095	159,9616114	180,8841485	164,8716183	2009	144,3312398	4,972110935	2,48490665	3,17805383	3,583518938	3,871201011
174	89,90993453	119,0603861	147,0037879	160,8689836	181,4463795	167,310221	2009	144,2666154	4,971663084	2,397895273	3,135494216	3,555348061	3,850147602
175	95,37960926	125,2670741	143,2712646	169,4797682	174,7377173	168,351011	2009	146,0810741	4,984161769	2,48490665	3,17805383	3,610917913	3,891820298
176	96,52166711	128,4671859	143,5237127	171,9541784	176,1848541	167,7162569	2009	147,3946425	4,993113632	2,48490665	3,218875825	3,610917913	3,912023005
177	100,7518803	130,9421478	142,8534838	171,5242942	179,2107433	168,2063653	2009	148,9148191	5,003374459	2,48490665	3,218875825	3,63758616	3,931825633
178	94,39002581	135,8028114	142,047134	169,1319577	185,7530239	166,3995912	2009	148,9207573	5,003414335	2,48490665	3,218875825	3,63758616	3,931825633
179	93,97834873	127,079619	144,4405041	166,0905854	190,1254102	172,1486853	2009	148,9771921	5,003793221	2,48490665	3,218875825	3,63758616	3,931825633
180	92,38043293	129,8875063	138,5892544	179,843669	206,8621499	176,7949457	2009	154,0596597	5,037339928	2,564949357	3,295836866	3,688879454	3,988984047
181	139,9406312	151,7898575	189,2922473	213,0563496	230,1098763	218,6913843	2010	190,4800577	5,249547505	2,944438979	3,63758616	4,060443011	4,343805422
182	96,42126694	132,1423854	139,6508256	179,7037626	189,9110995	176,3738455	2010	152,3671976	5,026293381	2,564949357	3,258096538	3,663561646	3,951243719
183	102,2480251	129,0514071	139,970191	186,6173789	186,627017	175,3562518	2010	153,3117118	5,032473181	2,564949357	3,258096538	3,688879454	3,970291914
184	101,918313	130,8674074	138,4812986	185,810614	183,6692043	175,8898404	2010	152,7727796	5,028951717	2,564949357	3,258096538	3,663561646	3,970291914
185	104,0943934	134,8500853	136,4729025	181,2077536	178,952406	179,506281	2010	152,5139703	5,0272562	2,564949357	3,258096538	3,663561646	3,970291914
186	104,4278356	132,9902497	141,3060373	178,1735578	177,4069062	182,5693552	2010	152,8123236	5,029210526	2,564949357	3,258096538	3,688879454	3,970291914
187	106,0364277	139,2800579	154,4694341	181,0524414	182,9500488	176,770028	2010	156,7597396	5,054714312	2,564949357	3,295836866	3,688879454	3,988984047
188	113,791913	144,2624903	159,1181867	186,798625	184,9969615	176,4508989	2010	160,9031793	5,080802813	2,63905733	3,33220451	3,737669618	4,025351691
189	118,9105511	144,3967544	158,3207266	192,3560789	187,7612752	180,5544166	2010	163,7166338	5,098137091	2,63905733	3,36729583	3,761200116	4,060443011
190	124,5300908	142,4644729	156,7327925	195,5065814	187,6364225	178,4905199	2010	164,2268133	5,10124848	2,63905733	3,36729583	3,761200116	4,060443011
191	123,9697185	140,1773919	152,1953511	191,4403478	189,7707782	179,6224657	2010	162,8626755	5,092907364	2,63905733	3,33220451	3,737669618	4,043051268
192	120,9988547	138,9897367	155,2344719	201,5791522	199,0663972	184,1092101	2010	166,6629705	5,115973632	2,63905733	3,36729583	3,784189634	4,077537444
193	155,635613	154,1603576	196,7587426	231,8806867	244,2577526	223,3189291	2011	201,0020136	5,303314926	2,944438979	3,663561646	4,077537444	4,356708827
194	112,2175135	135,1877386	150,6794715	197,2502646	189,1546778	184,6901618	2011	161,5299713	5,084690706	2,63905733	3,33220451	3,737669618	4,025351691
195	113,5891885	133,5093506	153,6685407	196,8179631	190,4253722	180,5959093	2011	161,4343874	5,08409879	2,63905733	3,33220451	3,737669618	4,025351691
196	103,0791493	134,0158851	151,6737027	186,2764233	186,7812471	179,2422961	2011	156,8447839	5,055256679	2,564949357	3,295836866	3,713572067	3,988984047
197	103,4296494	138,7748494	152,6515773	190,5147267	188,385732	174,2583006	2011	158,0024726	5,062610682	2,564949357	3,295836866	3,713572067	4,007333185
198	107,4108965	141,0778464	156,7409107	185,7162388	191,6484018	178,7855804	2011	160,2299791	5,076610153	2,564949357	3,295836866	3,713572067	4,007333185
199	114,1018858	156,0378521	158,312597	194,1982422	195,4705835	182,7764979	2011	166,8162764	5,116893066	2,63905733	3,36729583	3,784189634	4,077537444
200	115,4592391	148,1095895	159,2096205	201,3236098	195,4706113	181,3727664	2011	166,8242394	5,1169408	2,63905733	3,36729583	3,784189634	4,077537444
201	111,5473493	151,4026427	154,0829281	191,880587	191,832311	177,9241204	2011	163,1116564	5,094434975	2,63905733	3,33220451	3,761200116	4,043051268
202	116,1163791	154,7412149	158,9978311	191,8681597	187,4208372	176,9326931	2011	164,3461859	5,101975092	2,63905733	3,36729583	3,784189634	4,060443011
203	123,5672511	160,9529779	159,4054309	190,1670244	189,4915609	178,8028275	2011	167,0645121	5,118380038	2,708050201	3,401197382	3,80666249	4,094344562
204	118,0880304	165,3451587	165,7351024	205,1534017	216,117838	184,7390786	2011	175,8631016	5,169705861	2,772588722	3,465735903	3,871201011	4,17438727
205	158,177763	220,8536065	217,3062929	237,5948557	240,8751351	240,4969226	2012	219,2174293	5,390064065	2,944438979	3,663561646	4,077537444	4,369447852
206	117,3327932	169,3564512	166,5805178	197,6506069	196,7318841	180,9230812	2012	171,4292224	5,144170484	2,708050201	3,401197382	3,828641396	4,110873864
207	114,5215079	162,6205387	171,8060524	197,76779	202,9564548	187,3909699	2012	172,8438856	5,152388792	2,708050201	3,433987204	3,850147602	4,127134385
208	113,8152713	161,5072794	175,7894765	195,3316888	199,9484538	189,9119896	2012	172,7173599	5,151656501	2,708050201	3,433987204	3,828641396	4,127134385
209	119,6172861	154,3860639	171,9956509	194,4824589	200,999163	184,3325823	2012	170,9688675	5,141481479	2,708050201	3,401197382	3,80666249	4,110873864
210	121,6966053	158,1011701	171,6989532	199,7982755	200,9472269	184,5852437	2012	172,8045791	5,152161356	2,708050201	3,433987204	3,828641396	4,127134385
211	114,2151278	159,7728364	173,8484617	195,9432299	196,9064215	180,6947903	2012	170,2301446	5,137151313	2,708050201	3,401197382	3,80666249	4,094344562
212	120,7835364	159,1747751	172,6674888	200,2356231	201,7977662	184,3842954	2012	173,1739141	5,154296374	2,708050201	3,433987204	3,850147602	4,143134726
213	124,6148031	159,8957649	176,9286894	196,9890166	200,4184339	194,7702603	2012	175,602828	5,168224786	2,772588722	3,465735903	3,871201011	4,158883083
214	126,8005057	157,3071715	177,933984	204,6942112	199,1898296	193,3239112	2012	176,5416022	5,173556555	2,772588722	3,465735903	3,891820298	4,17438727
215	128,3582341	152,805715	177,006859	208,7842616	201,0745388	191,5419256	2012	176,5952557	5,173860423	2,772588722	3,496507561	3,891820298	4,189654742
216	133,1443419	157,2583541	174,2986339	221,6283103	220,3025238	195,2258052	2012	183,6429949	5,212993628	2,890371758	3,610917913	4,007333185	4,304065093
217	152,1336993	197,1400702	217,0651116	259,4379936	256,05403	247,8156696	2013	221,6077624	5,400908983	2,944438979	3,663561646	4,077537444	4,369447852
218	129,0463463	148,2922937	178,7818304	207,8514526	203,2374813	198,3312065	2013	177,5901018	5,179478096	2,833213344	3,526360525	3,931825633	4,219507705
219	131,4208168	147,6331417	178,406976	207,3334298	210,1785859	194,8616428	2013	178,3057655	5,18349986	2,833213344	3,526360525	3,931825633	4,234106505
220	127,1407365	148,1442453	176,9618564	210,8992252	210,0710279	195,6186805	2013	178,1392953	5,182565802	2,833213344	3,526360525	3,931825633	4,219507705
221	118,2604086	146,6388292	178,5572128	211,5973691	211,6747857	194,8419433	2013	176,9284248	5,175745271	2,772588722	3,496507561	3,912023005	4,204692619
222	119,2679542	145,8155552	172,1350844	209,3758801	209,8684439	198,2301872	2013	175,7821842	5,169245639	2,772588722	3,465735903	3,871201011	4,158883083
223	120,2109276	142,6900663	171,6080699	209,5960749	203,8357695	198,0302772	2013	174,3285309	5,160941628	2,708050201	3,433987204	3,850147602	4,143134726
224	122,0714578	146,905916	176,8645687	205,6512989	205,4740377	203,9036845	2013	176,8118273	5,175086044	2,772588722	3,496507561	3,912023005	4,189654742
225	125,6877703	145,703817	177,4591803	212,8014197	206,0172782	199,6877527	2013	177,8928697	5,181181514	2,833213344	3,526360525	3,931825633	4,219507705
226	124,1680038	145,9173361	175,4662849	212,902202	212,3833506	204,5751199	2013	179,2353829	5,18869993	2,833213344	3,555348061	3,951243719	4,248495242
227	130,0608899	138,2073981	178,4434329	219,6291029	214,8653522	207,1682697	2013	181,395741	5,200681059	2,890371758	3,583518938	3,988984047	4,276666119
228	132,5987889	137,2027199	174,1855544	230,9344925	225,4620921	214,5476099	2013	185,8218763	5,22478856	2,890371758	3,610917913	4,025351691	4,317488114
229	182,5256253	163,6648903	197,5613337	272,2900054	257,6453006	268,8877029	2014	223,7624764	5,410585116	2,944438979	3,663561646	4,077537444	4,369447852
230	128,2053759	147,9669326	178,0451855	224,0800572	207,9844935	200,3239686	2014	181,1010022	5,199054899	2,833213344	3,555348061	3,970291914	4,262679877
231	131,8950902	152,1078213	175,1743575	225,8250099	210,2983384	202,6236297	2014	182,9873745	5,209417159	2,890371758	3,583518938	3,988984047	4,290459441
232	129,6825696	148,8983891	175,2432261	225,1461275	212,9455846	200,2729836	2014	182,0314801	5,20417964	2,890371758	3,583518938	3,988984047	4,276666119
233	130,5921361	145,7366082	175,7814399	238,1224788	211,3263202	205,3575459	2014	184,4860882	5,217574058	2,890371758	3,610917913	4,025351691	4,304065093
234	128,2546376	143,5709013	169,0505849	230,4308811	206,7719801	203,0153526	2014	180,1823896	5,193969613	2,833213344	3,555348061	3,970291914	4,262679877
235	129,2987176	138,2196349	169,0950586	232,4376278	206,4119144	197,4771262	2014	178,8233466	5,186398428	2,833213344	3,555348061	3,951243719	4,248495242
236	133,2522885	139,3552657	174,3341314	236,3452381	208,8473583	198,7804022	2014	181,819114	5,203012314	2,890371758	3,583518938	3,988984047	4,276666119
237	139,2528063	135,3766476	171,6660583	234,9229761	210,0286676	206,8629014	2014	183,0183429	5,209586382	2,890371758	3,583518938	4,007333185	4,290459441
238	138,78141	151,5654832	180,946203	236,5334801	214,4813752	208,0032562	2014	188,3852013	5,23848881	2,944438979	3,63758616	4,043051268	4,343805422
239	131,042519	150,4338508	175,8681034	232,8307365	220,2361659	210,9922742	2014	186,9006083	5,230576969	2,944438979	3,63758616	4,043051268	4,33073334
240	137,4878158	159,5455123	174,1297031	239,1574821	250,1085703	217,4678186	2014	196,3161504	5,279726372	2,944438979	3,663561646	4,060443011	4,356708827
241	181,3236394	180,9110608	187,29881	279,0153789	268,3448771	257,0754818	2015	225,6615413	5,419036272	2,944438979	3,663561646	4,077537444	4,369447852
242	132,6067106	156,0025246	174,5003567	230,0483503	210,1680912	209,972723	2015	185,5497927	5,22332327	2,890371758	3,610917913	4,025351691	4,317488114
243	131,6048233	141,1895384	169,5373251	225,1406011	207,6798243	201,1987493	2015	179,3918103	5,189572298	2,833213344	3,555348061	3,970291914	4,248495242
244	126,2084756	142,9796508	168,9618458	220,5260662	209,6478516	202,5444017	2015	178,4780486	5,184465617	2,833213344	3,526360525	3,951243719	4,234106505
245	124,3543208	139,1397268	165,1929189	219,7419629	203,1025471	198,1824337	2015	174,9523183	5,16451347	2,708050201	3,433987204	3,850147602	4,143134726
246	129,7111175	136,1273457	164,9867176	221,1734267	204,4019497	204,5815296	2015	176,8303478	5,175190786	2,772588722	3,496507561	3,912023005	4,204692619
247	127,0671207	144,6072224	164,8693936	223,3833384	202,0391207	202,0227782	2015	177,3314957	5,178020838	2,772588722	3,496507561	3,912023005	4,204692619
248	122,4754202	146,7116596	166,6864279	236,5871748	203,0255321	201,2214304	2015	179,4512742	5,189903718	2,833213344	3,555348061	3,970291914	4,262679877
249	123,9987659	142,4430444	177,2626312	223,7981174	203,3322287	200,8112703	2015	178,6076763	5,185191648	2,833213344	3,526360525	3,951243719	4,234106505
250	123,3862643	139,7561184	169,2269125	219,0667741	207,0863364	201,7443219	2015	176,7111213	5,174516316	2,772588722	3,496507561	3,891820298	4,189654742
251	122,4505347	140,7395685	166,3772248	216,2664808	213,0470658	200,2375532	2015	176,519738	5,1734327	2,772588722	3,465735903	3,891820298	4,17438727
252	134,6890175	140,4788715	157,8018823	225,2293917	256,2080043	205,0184777	2015	186,5709408	5,228811547	2,944438979	3,63758616	4,043051268	4,33073334
